D1:1.000000
D2:1.000000
D3:1.000000
